107412557519,111.00,100009741,05/08/2018
107412577421,161.40,100555315,05/08/2018
107412590092,102.12,100575626,05/08/2018
107412590325,486.00,100575980,05/08/2018
107412591236,300.00,100577988,05/08/2018
107412591552,219.46,100578062,05/08/2018
107412592972,26.00,100579812,05/08/2018
107412600149,1083.15,100590943,05/08/2018
107412603088,809.32,100596147,05/08/2018
107412627394,118.70,100633630,05/08/2018
107412633757,261.80,100646688,05/08/2018
107412639044,1650.82,100660825,05/08/2018
107412655429,20000.00,100691607,05/08/2018
107412667311,5000.00,100716444,05/08/2018
107412675879,437.88,100735224,05/08/2018
107412678344,1766.80,100739162,05/08/2018
107412679823,446.80,100741346,05/08/2018
107412686539,1551.80,100755117,05/08/2018
107412709364,100.00,100800643,05/08/2018
107412710113,399.00,100801723,05/08/2018
107412721957,75.29,100825373,05/08/2018
107412722784,859.45,100826449,05/08/2018
107412723034,490.80,100827098,05/08/2018
107412725066,415.32,100830675,05/08/2018
107412731655,28.00,100845062,05/08/2018
107412737119,396.80,100854324,05/08/2018
107412741452,427.80,100863233,05/08/2018
107412741714,558.40,100866530,05/08/2018
107412745777,249.20,100871442,05/08/2018
107412547402,2000.00,714479315,05/08/2018
107412549854,299.00,714483784,05/08/2018
107412550861,45.00,714484016,05/08/2018
107412551081,750.00,714484307,05/08/2018
107412551358,26.00,714484905,05/08/2018
107412570627,75.00,100527593,05/08/2018
107412577214,370.80,100555014,05/08/2018
107412590503,6190.00,100576329,05/08/2018
107412598897,211.80,100588863,05/08/2018
107412608089,4029.50,100603259,05/08/2018
CCAFH1BPP305,999.00,100605573,05/08/2018
107412625293,149.12,100629141,05/08/2018
107412637954,186.80,100655673,05/08/2018
107412648665,526.80,100676744,05/08/2018
107412655473,666.80,100691394,05/08/2018
107412656320,617.60,100692798,05/08/2018
107412658111,9032.00,100696202,05/08/2018
107412663365,50000.00,100707507,05/08/2018
107412673145,400.80,100727515,05/08/2018
107412678502,1551.80,100738889,05/08/2018
107412678765,396.80,100739605,05/08/2018
107412678562,426.80,100738883,05/08/2018
107412739998,1213.30,100861127,05/08/2018
107412748152,121.80,100875732,05/08/2018
107412757469,995.00,100894495,05/08/2018
107412760006,726.80,100897821,05/08/2018
CCAFH1BPP319,8500.00,100935079,05/08/2018
107412783311,630.42,100939770,05/08/2018
107412783733,300.00,100940582,05/08/2018
107412793875,404.38,100958853,05/08/2018
107412821979,1209.00,101004174,05/08/2018
107412823041,413.00,101005823,05/08/2018
107412823687,263.60,101006769,05/08/2018
107412824121,100.00,101006815,05/08/2018
CCAFH2BPP327,10.00,101011956,05/08/2018
107412832525,465.72,101020306,05/08/2018
107412846237,9.00,101043103,05/08/2018
107412861995,353.00,101069849,05/08/2018
107412881479,5000.00,101099242,05/08/2018
107412882115,398.00,101100081,05/08/2018
107412886737,105.00,101106893,05/08/2018
107412910524,361.80,101153511,05/08/2018
107412927196,218.00,101186961,05/08/2018
107412930098,552.00,101193082,05/08/2018
107412930431,8625.00,101194470,05/08/2018
107412936713,50.00,101206319,05/08/2018
107412943570,118.00,101220049,05/08/2018
107412948454,170.00,101231173,05/08/2018
107412961961,937.56,101257796,05/08/2018
107412963056,560.00,101260649,05/08/2018
107412974896,131.77,101282958,05/08/2018
CCAFH1BPP347,156.00,101291076,05/08/2018
107413007507,97.00,111249401,05/08/2018
107413009330,226.80,112056505,05/08/2018
CCAFH1BPP351,558.00,112121617,05/08/2018
107413025801,100.00,112834023,05/08/2018
107412679550,901.80,100741594,05/08/2018
107412691060,246.80,100764111,05/08/2018
107412691040,661.38,100764208,05/08/2018
107412707358,641.60,100796085,05/08/2018
107412706408,9900.00,100796530,05/08/2018
107412714542,349.00,100810352,05/08/2018
107412720383,26.00,100821926,05/08/2018
CCAFH1BPP315,95.00,100834183,05/08/2018
107412725246,398.00,100835448,05/08/2018
107412731037,850.00,100843176,05/08/2018
107412732729,625.98,100846595,05/08/2018
107412739333,25.00,100861727,05/08/2018
107412741817,383.48,100864181,05/08/2018
107412744319,1095.00,100868982,05/08/2018
107412748733,1202.24,100877329,05/08/2018
107412749509,267.20,100877770,05/08/2018
107412752334,26.00,100883520,05/08/2018
107412765669,210.00,100907553,05/08/2018
107412766043,30000.00,100908723,05/08/2018
107412767835,8707.00,100911995,05/08/2018
107412769050,619.12,100914032,05/08/2018
107412771657,401.08,100919793,05/08/2018
107412772058,390.80,100921269,05/08/2018
107412777279,383.48,100928789,05/08/2018
107412782927,179.00,100939752,05/08/2018
CCAFH2BPP321,528.00,100956496,05/08/2018
107412800740,350.41,100970392,05/08/2018
107412805070,300.06,100976945,05/08/2018
107412806502,249.20,100979661,05/08/2018
107412807028,900.00,100980032,05/08/2018
107412807073,58.00,100980203,05/08/2018
107412811086,618.40,100987247,05/08/2018
107412812714,200.00,100989567,05/08/2018
107412816594,397.00,100996904,05/08/2018
CCAFH1BPP323,748.00,101000690,05/08/2018
107412820301,320.15,101000864,05/08/2018
107412830462,310.00,101017495,05/08/2018
107412838155,620.00,101029543,05/08/2018
107412831093,1146.80,101018189,05/08/2018
107412838686,540.00,101030803,05/08/2018
107412839403,365.40,101031341,05/08/2018
107412877183,404.36,101092900,05/08/2018
CCAFH2BPP338,5.00,101180375,05/08/2018
CCAFH2BPP342,500.00,101229629,05/08/2018
107412956745,1999.50,101249438,05/08/2018
107412965293,199.00,101264882,05/08/2018
107413012415,25000.00,112350276,05/08/2018
107413014190,25000.00,112472780,05/08/2018
107412850772,99.00,101050226,05/08/2018
107412853214,175.00,101053904,05/08/2018
107412855617,785.60,101058106,05/08/2018
107412856395,600.00,101058570,05/08/2018
107412869154,50.00,101080376,05/08/2018
107412893134,40000.00,101118307,05/08/2018
107412917347,111.00,101166047,05/08/2018
107412917981,35000.00,101167777,05/08/2018
107412921147,97.07,101173999,05/08/2018
107412926917,1105.00,101189001,05/08/2018
107412941260,154.00,101215592,05/08/2018
107412948333,302.00,101230952,05/08/2018
107412948941,225.00,101232664,05/08/2018
107412960515,100.00,101255592,05/08/2018
107412964758,15520.00,101263012,05/08/2018
107412968071,350.00,101269870,05/08/2018
107412969572,50.00,101272576,05/08/2018
CCAFH2BPP346,100.00,101273780,05/08/2018
107412972251,352.88,101277670,05/08/2018
107412972438,50.00,101278265,05/08/2018
107412972523,1290.00,101278418,05/08/2018
107412979924,25.00,101291588,05/08/2018
107412982345,830.00,101295440,05/08/2018
107412992275,1698.00,105272268,05/08/2018
107412998341,148.00,107021607,05/08/2018
107413000670,318.00,107464201,05/08/2018
107413004482,380.76,109654860,05/08/2018
CCAFH2BPP349,106.00,110298143,05/08/2018
107413006315,5000.00,110458665,05/08/2018
107413012086,24365.00,112487750,05/08/2018
CCAFH1BPP353,437.00,112670188,05/08/2018
CCAFH1AAI471,3944.00,112834072,05/08/2018
CCAFH2AAI470,1947.00,112834105,05/08/2018
107413026948,249.00,112835032,05/08/2018
107412580670,723.10,100560155,05/08/2018
107412753054,1.00,100884875,05/08/2018
107413021465,17.41,112828355,05/08/2018
107413022048,26.00,112829068,05/08/2018
107412710856,46.55,100817345,05/08/2018
CCAFH2BPP316,1860.00,100904296,05/08/2018
107412775424,10.21,100925358,05/08/2018
CCAFH2AAI467,2436.00,101026797,05/08/2018
107412869340,500.00,101080356,05/08/2018
107412878272,47.00,101094592,05/08/2018
107412609119,274.10,100603772,05/08/2018
107412628038,100.00,100635146,05/08/2018
107412628670,1290.00,100636552,05/08/2018
107412709640,431.80,100800721,05/08/2018
107412804684,370.80,100976081,05/08/2018
107412807979,58.00,100981629,05/08/2018
107412808185,3.00,100982039,05/08/2018
107412808394,171.89,100982296,05/08/2018
107412817360,1026.00,100997630,05/08/2018
107412889676,20000.00,101113318,05/08/2018
107412891183,706.80,101115538,05/08/2018
107412952561,142.60,101240537,05/08/2018
107412546627,13080.00,714478049,05/08/2018
107413025788,26.00,112833611,05/08/2018
107412581405,5.00,100561140,05/08/2018
107412632653,829.82,100653174,05/08/2018
107412644615,402.80,100668460,05/08/2018
107412691932,399.00,100767028,05/08/2018
107412703020,26.00,100788283,05/08/2018
107412709685,761.80,100801955,05/08/2018
107412710303,348.00,100802306,05/08/2018
107412720666,372.80,100824917,05/08/2018
107412732054,1180.00,100845158,05/08/2018
107412739251,456.00,100859867,05/08/2018
107412805816,600.00,100978084,05/08/2018
107412941564,3644.00,101216431,05/08/2018
107412696122,455.00,100774747,05/08/2018
107412561276,111.00,100045130,05/08/2018
107412631413,851.80,100642321,05/08/2018
107412661470,808.32,100709531,05/08/2018
CCAFH1BPP310,100.00,100752812,05/08/2018
107412685453,5150.00,100753116,05/08/2018
107412678367,421.80,100738579,05/08/2018
107412685151,404.38,100752514,05/08/2018
107412694981,407.08,100774541,05/08/2018
CCAFH2BPP312,290.00,100781952,05/08/2018
107412745105,571.50,100870095,05/08/2018
107412756578,231000.00,100892056,05/08/2018
107412858847,297.40,101062550,05/08/2018
107412860067,119.00,101064497,05/08/2018
107412890469,540.00,101114052,05/08/2018
107412936614,3612.00,101206862,05/08/2018
CCAFH2BPP340,101.00,101214171,05/08/2018
107412953387,149.00,101241014,05/08/2018
107412711585,341.80,100804755,05/08/2018
107412678253,676.80,100738955,05/08/2018
107412761855,485.28,100901142,05/08/2018
107412763445,200.00,100903249,05/08/2018
CCAFH2BPP331,2000.00,101096235,05/08/2018
107412882702,10856.00,101101109,05/08/2018
107412885961,36.00,101105369,05/08/2018
107412575943,306.37,100553725,05/08/2018
107412614825,34.00,100612364,05/08/2018
107412624782,621.00,100628075,05/08/2018
107412650520,666.80,100680488,05/08/2018
107412772882,409.20,100921736,05/08/2018
107412773719,827.84,100923510,05/08/2018
107412775550,500.00,100925898,05/08/2018
107412786154,974.64,100944236,05/08/2018
107412786614,330.00,100944503,05/08/2018
107412787395,29075.00,100946348,05/08/2018
107412793521,178.60,100957589,05/08/2018
107412808439,526.80,100985266,05/08/2018
107412615826,218.96,100615004,05/08/2018
107412627685,812.00,100634664,05/08/2018
107412891452,50.00,101115605,05/08/2018
107412909089,511.80,101151075,05/08/2018
107412999465,1.00,106917392,05/08/2018
107412550143,300.00,714483659,05/08/2018
107412786785,10.21,100945030,05/08/2018
107412788081,638.52,100947565,05/08/2018
107412787536,10.21,100946478,05/08/2018
107412995029,196.00,105847975,05/08/2018
107412605864,4007.00,100599357,05/08/2018
107412925227,995.00,101184500,05/08/2018
107413000531,1902.00,107603751,05/08/2018
107412557503,26.00,100009312,05/08/2018
107412581250,20.42,100560947,05/08/2018
107412627089,625.98,100632614,05/08/2018
107412633883,87.00,100646778,05/08/2018
107412790170,111.00,100951954,05/08/2018
107412804091,2424.78,100974856,05/08/2018
107412810793,372.80,100986625,05/08/2018
107412854843,49.00,101056066,05/08/2018
107412868984,30000.00,101079194,05/08/2018
107412879728,311.19,101096958,05/08/2018
107412639400,590.00,100657696,05/08/2018
107412745531,825.32,100872450,05/08/2018
107412745642,284.07,100874651,05/08/2018
107412987499,10944.00,103465225,05/08/2018
107412790374,100.00,100952913,05/08/2018
107412851378,20.00,101051614,05/08/2018
107412861869,146.96,101067822,05/08/2018
107412881478,23.40,101098401,05/08/2018
107412884021,700.00,101104680,05/08/2018
107412885540,278.12,101105222,05/08/2018
107412574351,1111.00,100551619,05/08/2018
107412792831,111.00,100956148,05/08/2018
107412826546,451.00,101011739,05/08/2018
107412951672,304.00,101238054,05/08/2018
CCAFH1BPP344,92.00,101250888,05/08/2018
107412688049,12999.00,100758360,05/08/2018
107412902658,2740.00,101139137,05/08/2018
107412944577,319.00,101222374,05/08/2018
107412952289,7989.00,101238755,05/08/2018
107412963772,13.25,101261138,05/08/2018
107412965279,60.78,101264768,05/08/2018
107412983195,16.00,101371747,05/08/2018
107413015998,6.00,112608161,05/08/2018
107412824802,1146.80,101008668,05/08/2018
107412894795,40.00,101121219,05/08/2018
CCAFH1BPP336,283.00,101169170,05/08/2018
107412961211,811.82,101257121,05/08/2018
107412575402,645.60,100553194,05/08/2018
107412575441,100.00,100553221,05/08/2018
107412577194,200.00,100554950,05/08/2018
CCAFH1BPP308,729.00,100670757,05/08/2018
107412704499,2000.00,100790807,05/08/2018
107412706515,306.80,100794569,05/08/2018
107412548725,3721.00,714481977,05/08/2018
107412590349,1350.00,100575898,05/08/2018
107412609489,227.00,100605022,05/08/2018
107412613823,404.36,100611188,05/08/2018
107412622614,498.40,100624128,05/08/2018
CCAFH1BPP306,799.00,100633649,05/08/2018
107412630867,808.76,100640938,05/08/2018
107412643862,402.80,100667337,05/08/2018
CCAFH2AAI465,6137.00,100683806,05/08/2018
107412653752,100.00,100687677,05/08/2018
107412655365,2842.00,100690761,05/08/2018
107412655924,710.00,100691991,05/08/2018
107412656923,300.00,100694047,05/08/2018
107412658051,1649.00,100696025,05/08/2018
107412616821,26.00,100615358,05/08/2018
107412711296,246.12,100804129,05/08/2018
107412825443,148.50,101008849,05/08/2018
107412828173,410.00,101013663,05/08/2018
107412859820,1583.87,101063805,05/08/2018
107412548726,111.00,714480656,05/08/2018
107412561839,41.00,100045996,05/08/2018
107412563202,24.60,100047810,05/08/2018
107412569138,111.00,100462589,05/08/2018
107412571934,111.00,100529156,05/08/2018
CCAFH1BPP303,350.00,100550804,05/08/2018
107412575125,1614.00,100552911,05/08/2018
107412610477,301.06,100607855,05/08/2018
107412644987,25.22,100669643,05/08/2018
107412658106,162.40,100696971,05/08/2018
107412660194,292.30,100701790,05/08/2018
107412661435,608.00,100703668,05/08/2018
107412661729,149.00,100704441,05/08/2018
107412662179,809.32,100706912,05/08/2018
107412672873,380.00,100727179,05/08/2018
107412673013,50.00,100727580,05/08/2018
107412672069,712.60,100727719,05/08/2018
107412676357,5081.08,100736644,05/08/2018
107412678458,426.80,100738833,05/08/2018
107412673678,3166.00,100739234,05/08/2018
107412680939,1471.80,100744520,05/08/2018
107412680873,437.92,100744544,05/08/2018
107412684083,6.00,100750297,05/08/2018
107412685632,111.00,100753382,05/08/2018
107412686036,650.00,100754794,05/08/2018
107412690316,257.60,100763215,05/08/2018
107412691084,26.00,100763949,05/08/2018
107412692128,204.55,100766264,05/08/2018
107412692927,200.00,100769428,05/08/2018
107412695086,249.20,100772501,05/08/2018
107412696708,343.78,100775943,05/08/2018
107412699728,404.36,100781636,05/08/2018
107412699959,852.82,100782353,05/08/2018
107412702451,351.92,100788977,05/08/2018
107412705942,470.00,100793345,05/08/2018
107412706085,745.60,100794392,05/08/2018
107412706886,189.00,100795295,05/08/2018
107412717198,2523.00,100817017,05/08/2018
107412717872,291.92,100818711,05/08/2018
107412582366,50.00,100562432,05/08/2018
107412585520,550.00,100567428,05/08/2018
107412606448,380.00,100600961,05/08/2018
107412609076,104.07,100604294,05/08/2018
107412609409,99.00,100604904,05/08/2018
107412617745,5106.20,100618174,05/08/2018
107412621451,378.76,100621879,05/08/2018
107412628090,1455.00,100635555,05/08/2018
107412652578,807.82,100686273,05/08/2018
107412661888,52.00,100704859,05/08/2018
107412674997,345.00,100731325,05/08/2018
107412676195,10000.00,100735321,05/08/2018
107412680055,416.80,100741956,05/08/2018
107412690616,885.00,100764323,05/08/2018
CCAFH1BPP311,110.00,100766451,05/08/2018
107412693838,1000.00,100770261,05/08/2018
107412692567,324.80,100770429,05/08/2018
107412694587,1162.00,100772328,05/08/2018
107412696246,969.00,100775071,05/08/2018
107412697480,99.00,100777223,05/08/2018
107412701988,90.00,100788046,05/08/2018
CCAFH1BPP313,10.00,100789849,05/08/2018
107412704074,968.00,100790247,05/08/2018
107412705492,357.20,100793382,05/08/2018
107412705923,128.70,100793836,05/08/2018
107412711663,13.94,100804826,05/08/2018
107412715060,100000.00,100811481,05/08/2018
107412719684,486.40,100820883,05/08/2018
107412721005,301.00,100823426,05/08/2018
107412736243,307.00,100852842,05/08/2018
107412736887,100000.00,100853416,05/08/2018
107412737094,50.00,100853934,05/08/2018
107412740713,1030.34,100862111,05/08/2018
107412740803,819.00,100862246,05/08/2018
107412674093,1551.80,100729794,05/08/2018
CCAFH2BPP309,153.19,100731800,05/08/2018
107412726875,200.00,100833780,05/08/2018
107412726526,202.82,100834562,05/08/2018
107412726321,811.20,100836949,05/08/2018
107412732751,350.00,100846390,05/08/2018
107412733336,402.80,100847372,05/08/2018
107412748348,146.96,100876460,05/08/2018
107412770592,267.00,100917352,05/08/2018
CCAFH1BPP317,580.00,100922793,05/08/2018
107412777721,82.00,100929125,05/08/2018
CCAFH1BPP318,574.00,100929818,05/08/2018
107412786588,100.00,100946284,05/08/2018
107412788494,413.92,100947968,05/08/2018
107412790317,1110.00,100951950,05/08/2018
107412793627,20.00,100957384,05/08/2018
107412808021,617.60,100982689,05/08/2018
107412812400,392.40,100989830,05/08/2018
107412820450,100.00,101001658,05/08/2018
107412826442,1641.80,101011280,05/08/2018
107412828042,343.78,101013416,05/08/2018
107412828279,781.80,101013499,05/08/2018
107412829801,40.00,101016240,05/08/2018
107412830112,19744.00,101016425,05/08/2018
107412829547,2415.00,101016630,05/08/2018
107412840478,15.00,101032939,05/08/2018
107412845990,540.00,101043027,05/08/2018
107412846426,372.80,101043884,05/08/2018
107412849777,400.00,101050925,05/08/2018
107412859643,160.00,101063928,05/08/2018
107412860785,156.80,101066666,05/08/2018
107412862272,50.00,101069089,05/08/2018
107412862769,312.80,101069163,05/08/2018
107412864564,186.00,101071748,05/08/2018
107412867690,50.00,101076926,05/08/2018
107412877558,400.00,101095001,05/08/2018
107412749164,1237.40,100878662,05/08/2018
107412755458,2298.00,100890143,05/08/2018
107412754616,825.60,100890652,05/08/2018
107412756165,500.00,100891343,05/08/2018
107412761008,4515.00,100899615,05/08/2018
107412763681,362.00,100904439,05/08/2018
107412765886,30.50,100908069,05/08/2018
107412769586,117.00,100915537,05/08/2018
107412773335,484.20,100922209,05/08/2018
107412773466,10.00,100922636,05/08/2018
107412777288,899.00,100929190,05/08/2018
107412779682,1111.00,100932973,05/08/2018
107412779868,603.54,100933119,05/08/2018
107412781550,1010.90,100936697,05/08/2018
107412785475,649.60,100942719,05/08/2018
107412797249,305.00,100964642,05/08/2018
107412812182,710.00,100989137,05/08/2018
107412828177,250.00,101013584,05/08/2018
107412832945,581.80,101020584,05/08/2018
107412841820,610.00,101035810,05/08/2018
107412855044,1111.00,101056645,05/08/2018
107412855188,335.40,101056940,05/08/2018
107412860672,296.00,101065517,05/08/2018
107412863548,5503.24,101070574,05/08/2018
107412866019,10.00,101073907,05/08/2018
107412870413,916.02,101081716,05/08/2018
107412870156,1061.80,101081841,05/08/2018
CCAFH2BPP330,200.00,101093433,05/08/2018
107412751706,4.00,100882369,05/08/2018
107412809951,111.00,100984889,05/08/2018
107412882407,8800.00,101100802,05/08/2018
107412883320,71.00,101101850,05/08/2018
107412887043,5000.00,101108334,05/08/2018
107412891941,110.00,101115812,05/08/2018
107412894040,490.62,101120451,05/08/2018
107412896772,485.32,101125310,05/08/2018
CCAFH2AAI469,1893.00,101126461,05/08/2018
107412900985,1500.00,101133409,05/08/2018
107412900904,1000.00,101133753,05/08/2018
107412906268,245.40,101144915,05/08/2018
107412909235,100.00,101150833,05/08/2018
107412909698,5.11,101151413,05/08/2018
107412912176,285.00,101156169,05/08/2018
107412914677,149.00,101161508,05/08/2018
107412917653,34.00,101166983,05/08/2018
107412924618,6106.00,101181893,05/08/2018
107412928697,1814.00,101192648,05/08/2018
107412929507,4487.00,101193694,05/08/2018
107412937931,854.60,101209500,05/08/2018
107412941590,285.00,101216390,05/08/2018
CCAFH2BPP343,324.00,101238591,05/08/2018
107412958330,102.12,101251107,05/08/2018
107412958493,100.00,101251798,05/08/2018
CCAFH2BPP345,168.00,101259743,05/08/2018
107412964967,10009.44,101264691,05/08/2018
107412967154,91.20,101268216,05/08/2018
107412975356,687.56,101283290,05/08/2018
107412980632,57.00,101292444,05/08/2018
107412985580,824.00,102690098,05/08/2018
CCAFH1BPP350,156.00,110193164,05/08/2018
107413013319,25000.00,112403137,05/08/2018
CCAFH2BPP352,210.00,112545095,05/08/2018
107413024299,200.00,112831785,05/08/2018
107412637644,2475.00,100655587,05/08/2018
107412880916,1503.24,101098073,05/08/2018
107412894850,2500.00,101122307,05/08/2018
107412895976,15.00,101123655,05/08/2018
107412902818,470.00,101137115,05/08/2018
107412905372,16.00,101143652,05/08/2018
107412910991,991.15,101153814,05/08/2018
107412918339,12000.00,101169250,05/08/2018
107412929668,220.46,101191726,05/08/2018
107412930684,447.00,101194192,05/08/2018
107412934694,90.00,101202491,05/08/2018
107412939104,1503.24,101211520,05/08/2018
107412948036,1172.00,101230159,05/08/2018
107412958616,500.00,101251476,05/08/2018
107412961372,716.80,101256234,05/08/2018
107412961999,295.00,101258545,05/08/2018
107412970030,2274.00,101273414,05/08/2018
107412976376,1785.00,101285076,05/08/2018
107412977355,322.80,101287207,05/08/2018
107412983223,19.00,101469628,05/08/2018
107412987069,161.80,103297712,05/08/2018
107412988046,510.62,103575279,05/08/2018
107412990704,121.80,104616211,05/08/2018
107412993660,459.00,105857675,05/08/2018
107412999026,2739.04,106796282,05/08/2018
107413007909,1000.00,111528214,05/08/2018
107413012126,2798.00,112360047,05/08/2018
107413012874,25000.00,112365661,05/08/2018
107413012188,176.80,112369366,05/08/2018
107413016118,425.68,112625374,05/08/2018
107413023376,414.00,112831051,05/08/2018
107412718041,1200.00,100818141,05/08/2018
107412724566,4589.00,100830614,05/08/2018
107412725347,529.50,100831748,05/08/2018
107412725300,32.00,100832584,05/08/2018
107412653300,1000.00,100686839,05/08/2018
107412683862,550.00,100750135,05/08/2018
107412700405,811.82,100784346,05/08/2018
107412753609,1217.80,100887358,05/08/2018
107412897068,245.40,101126417,05/08/2018
107412909189,10000.00,101150726,05/08/2018
107412915819,385.48,101163787,05/08/2018
107412920076,343.78,101172872,05/08/2018
107412927783,50.00,101188548,05/08/2018
107412934186,100.00,101202035,05/08/2018
107412937066,75.99,101207895,05/08/2018
CCAFH1BPP354,200.00,112718874,05/08/2018
107412734597,94.40,100849057,05/08/2018
107412856207,164.00,101059910,05/08/2018
107412873350,402.80,101085938,05/08/2018
107412882493,125.00,101100243,05/08/2018
107412892341,301.80,101116764,05/08/2018
107412589302,5081.08,100574261,05/08/2018
107412652076,3917.00,100685068,05/08/2018
107412669693,1037.00,100721190,05/08/2018
107412769431,249.20,100915414,05/08/2018
107412770455,324.48,100917358,05/08/2018
CCAFH2BPP332,735.00,101098618,05/08/2018
107412890911,35000.00,101114871,05/08/2018
107412564035,1.17,100049431,05/08/2018
107412573603,26.00,100543354,05/08/2018
107412580536,98.00,100559988,05/08/2018
107412580781,10.00,100560312,05/08/2018
107412737679,500.08,100856946,05/08/2018
107412738794,435.92,100857283,05/08/2018
107412774725,164200.00,100924350,05/08/2018
CCAFH2BPP320,412.00,100948901,05/08/2018
107412790236,246.40,100951348,05/08/2018
107412798166,5000.00,100965631,05/08/2018
107412813892,1.00,100990913,05/08/2018
107412815733,200.40,100995040,05/08/2018
107412874401,200.00,101088929,05/08/2018
107412567506,2017.00,100159389,05/08/2018
CCAFH1BPP304,279.00,100594171,05/08/2018
107412624977,2342.46,100630004,05/08/2018
107412894117,434.04,101121986,05/08/2018
107412550096,426.00,714482652,05/08/2018
107412607553,100.00,100602318,05/08/2018
107412625805,974.64,100630009,05/08/2018
107412781191,50000.00,100935787,05/08/2018
107412781455,4.00,100935922,05/08/2018
107412811366,25.00,100987332,05/08/2018
107412843425,438.92,101037903,05/08/2018
107412871223,500.10,101084383,05/08/2018
107412573267,1703.62,100539649,05/08/2018
107412580874,461.80,100560576,05/08/2018
107412715745,100.00,100813784,05/08/2018
107412831906,100.00,101021223,05/08/2018
107412837162,132.79,101027572,05/08/2018
107412838353,100.00,101035623,05/08/2018
107412844264,249.20,101041007,05/08/2018
107412986117,3051.08,102652849,05/08/2018
107413025627,1217.00,112833412,05/08/2018
107412712331,1032.00,100807250,05/08/2018
107412751017,463.20,100881506,05/08/2018
107412751531,10.00,100882343,05/08/2018
107412752575,293.92,100885027,05/08/2018
CCAFH2AAI466,7128.00,100913590,05/08/2018
107412799333,15.00,100967534,05/08/2018
107412858860,991.80,101062759,05/08/2018
107412859533,3281.00,101063458,05/08/2018
107412884424,111.00,101103188,05/08/2018
107412916084,149.00,101164456,05/08/2018
107412763671,20.00,100904966,05/08/2018
107412780765,199.00,100935735,05/08/2018
107412790039,1522.00,100950992,05/08/2018
107412843194,686.10,101037673,05/08/2018
107412863582,200.00,101071499,05/08/2018
107412562916,26.00,100047374,05/08/2018
107412572994,51.00,100535096,05/08/2018
107412593591,213.92,100581134,05/08/2018
107412748533,200.00,100876507,05/08/2018
CCAFH1BPP325,100.00,101002663,05/08/2018
CCAFH2BPP301,299.00,100530071,05/08/2018
107412580070,459.00,100559458,05/08/2018
107412700717,50000.00,100783925,05/08/2018
107412549730,45.00,714482682,05/08/2018
107412565291,1111.00,100053696,05/08/2018
107412571428,11.00,100528518,05/08/2018
107412608731,425.56,100603262,05/08/2018
107412821515,150.00,101003726,05/08/2018
107412852977,50.00,101053447,05/08/2018
107412856942,50.00,101059981,05/08/2018
107412867569,400.00,101076626,05/08/2018
107412893054,35.00,101118535,05/08/2018
107412961008,5.00,101255929,05/08/2018
107412982447,621.80,101295139,05/08/2018
107412702080,247.00,100786888,05/08/2018
107412703801,535.80,100789752,05/08/2018
107412997966,25.00,106702763,05/08/2018
CCAFH2BPP348,119.00,107965256,05/08/2018
CCAFH2BPP299,599.00,100525409,05/08/2018
107412829940,48.00,101016070,05/08/2018
107412941859,12.01,101217599,05/08/2018
CCAFH2BPP341,750.00,101222871,05/08/2018
107412982453,156.00,101295258,05/08/2018
107412710213,144.60,100801789,05/08/2018
107412709054,296.80,100802188,05/08/2018
107412754795,5000.00,100888778,05/08/2018
107412769331,189.00,100915000,05/08/2018
CCAFH1AAI464,2468.00,100620188,05/08/2018
107412681384,576.80,100745127,05/08/2018
107412777280,834.00,100928712,05/08/2018
107412808955,117.46,100984110,05/08/2018
107412828534,1865.00,101014893,05/08/2018
107412870744,1.00,101082567,05/08/2018
107412871302,2831.00,101083178,05/08/2018
107412907748,1500.00,101148782,05/08/2018
107412664348,545.60,100709838,05/08/2018
107412719873,807.00,100821619,05/08/2018
107413017721,100.00,112773573,05/08/2018
107413033053,2505.00,200031293,06/08/2018
107413040766,175.00,200468779,06/08/2018
107413045405,100.00,200541398,06/08/2018
107413045601,15.00,200541748,06/08/2018
107413045722,30.00,200541846,06/08/2018
107413134791,943.00,201010386,06/08/2018
107413243207,50.00,201948867,06/08/2018
107413480871,78.00,203367364,06/08/2018
107413502886,343.30,209597091,06/08/2018
107413060531,1078.00,200582927,06/08/2018
107413061578,509.00,200589082,06/08/2018
107413098804,10.21,200725967,06/08/2018
107413129463,20.00,200957354,06/08/2018
107413164356,380.00,201298169,06/08/2018
107413166372,500.00,201320933,06/08/2018
107413208695,3000.00,201666328,06/08/2018
107413249635,133.00,201995131,06/08/2018
107413250323,28.00,202003114,06/08/2018
107413271704,179.00,202134289,06/08/2018
107413305507,300.00,202400037,06/08/2018
107413311562,416.61,202463536,06/08/2018
107413336600,99999.00,202638457,06/08/2018
107413351804,6011.80,202766911,06/08/2018
107413447081,199.00,203268556,06/08/2018
CCAFH2BPP357,29.00,200348733,06/08/2018
CCAFH2BPP358,299.00,200401722,06/08/2018
107413125606,230.00,200922918,06/08/2018
107413160387,595.00,201264741,06/08/2018
107413196885,1500.00,201576605,06/08/2018
107413235450,49.00,201879258,06/08/2018
107413250411,1134.00,202007177,06/08/2018
107413257384,401.80,202049293,06/08/2018
107413260458,735.00,202066340,06/08/2018
107413279968,50000.00,202188075,06/08/2018
107413349498,525.95,202742478,06/08/2018
107413441888,979.00,203255629,06/08/2018
107413447075,35.31,203266270,06/08/2018
107413050465,398.00,200550255,06/08/2018
107413050892,825.32,200551084,06/08/2018
107413052169,818.32,200554733,06/08/2018
107413055634,149.00,200562005,06/08/2018
107413062313,80.00,200593816,06/08/2018
107413062606,199.00,200595178,06/08/2018
107413101286,199.00,200767985,06/08/2018
107413122592,451.23,200886864,06/08/2018
107413124558,10.00,200906419,06/08/2018
107413139973,448.00,201068096,06/08/2018
107413152665,834.64,201179105,06/08/2018
107413173107,50421.00,201378780,06/08/2018
107413176248,202.00,201399184,06/08/2018
107413269749,203.24,202118921,06/08/2018
107413277284,518.02,202170164,06/08/2018
107413292591,808.72,202287124,06/08/2018
107413330536,5000.00,202596937,06/08/2018
107413349177,1700.00,202739089,06/08/2018
107413362513,3000.00,202846458,06/08/2018
107413369860,278.12,202898040,06/08/2018
107413421426,500.00,203175024,06/08/2018
107413467327,5003.24,203329582,06/08/2018
107413511299,825.00,213120802,06/08/2018
107413052503,399.00,200554979,06/08/2018
107413135711,2000.00,201016671,06/08/2018
107413144865,1443.75,201116510,06/08/2018
107413176729,199.00,201411349,06/08/2018
107413241532,1500.00,201937144,06/08/2018
107413279312,354.78,202182107,06/08/2018
107413287141,352.82,202241766,06/08/2018
CCAFH1AAI482,1399.00,202298518,06/08/2018
107413333403,18089.00,202619478,06/08/2018
107413349841,6011.80,202751798,06/08/2018
107413377935,152.00,202947675,06/08/2018
107413435979,200.00,203232470,06/08/2018
107413524886,450.00,214491552,06/08/2018
107413114233,299.00,200827658,06/08/2018
107413164547,65.00,201303320,06/08/2018
107413245110,199.00,201962401,06/08/2018
107413310686,18800.00,202445649,06/08/2018
107413313527,794.00,202471024,06/08/2018
107413412356,67.00,203130942,06/08/2018
CCAFH1BPP402,362.00,203182910,06/08/2018
107413086014,179.00,200680837,06/08/2018
107413087958,150.12,200690285,06/08/2018
107413105332,600.00,200777147,06/08/2018
107413157285,1680.00,201237354,06/08/2018
107413170360,100.00,201350432,06/08/2018
CCAFH2BPP386,90.00,201885137,06/08/2018
107413289785,1000.00,202265036,06/08/2018
107413290472,459.00,202271937,06/08/2018
107413383296,189.00,202979113,06/08/2018
107413403721,3000.00,203087368,06/08/2018
107413435724,12721.00,203230405,06/08/2018
107413127545,50.00,200937115,06/08/2018
CCAFH1BPP370,685.00,201163732,06/08/2018
107413171136,116.82,201360823,06/08/2018
107413208937,20.00,201670929,06/08/2018
107413220408,146.80,201758601,06/08/2018
107413219102,398.46,201766842,06/08/2018
107413256284,1480.00,202044602,06/08/2018
107413306573,5943.00,202407606,06/08/2018
107413315746,30000.00,202488565,06/08/2018
CCAFH1BPP397,200.00,202854898,06/08/2018
107413531012,510.00,214511110,06/08/2018
107413062204,4024.00,200593748,06/08/2018
107413080625,448.00,200664480,06/08/2018
107413300509,3051.08,202355604,06/08/2018
107413359575,5999.00,202820970,06/08/2018
107413399277,808.72,203066725,06/08/2018
107413427717,735.00,203210378,06/08/2018
107413435963,119.00,203230617,06/08/2018
CCAFH1AAI472,1990.87,200522041,06/08/2018
107413062177,199.00,200592286,06/08/2018
107413116640,1091.80,200838023,06/08/2018
107413152909,2000.00,201194555,06/08/2018
107413253751,110.00,202025026,06/08/2018
107413298026,740.00,202337394,06/08/2018
107413051754,99.00,200553107,06/08/2018
107413052359,324.00,200555026,06/08/2018
CCAFH2BPP363,869.00,200806448,06/08/2018
107413119964,300.00,200864843,06/08/2018
107413140849,200.00,201089065,06/08/2018
107413158572,86.00,201242746,06/08/2018
107413224863,1407.80,201795773,06/08/2018
107413288188,606.54,202249272,06/08/2018
107413352226,500.00,202761702,06/08/2018
107413400229,190.00,203071130,06/08/2018
107413448614,92.00,203274463,06/08/2018
107413456500,99.00,203296065,06/08/2018
107413475911,5.00,203355946,06/08/2018
107413093349,499.00,200703855,06/08/2018
107413128215,3051.08,200942850,06/08/2018
107413151571,200.00,201174320,06/08/2018
107413187822,225.00,201502664,06/08/2018
CCAFH2BPP378,110.00,201609426,06/08/2018
107413269978,300.00,202125716,06/08/2018
107413273664,1275.00,202142084,06/08/2018
107413274093,500.00,202145417,06/08/2018
107413328182,6.00,202577100,06/08/2018
107413331071,500.00,202602841,06/08/2018
107413331927,884.00,202609746,06/08/2018
CCAFH1BPP396,100.00,202743754,06/08/2018
107413445792,353.00,203261949,06/08/2018
107413466155,148.00,203330539,06/08/2018
107413042709,15.50,200520792,06/08/2018
107413111400,179.00,200809649,06/08/2018
107413151018,3972.00,201168075,06/08/2018
107413173790,399.00,201379676,06/08/2018
107413249447,11540.00,201994943,06/08/2018
CCAFH2BPP392,748.00,202245538,06/08/2018
107413333287,2200.00,202621350,06/08/2018
107413381671,1277.04,202973074,06/08/2018
107413390577,409.00,203025777,06/08/2018
107413475449,161.34,203354375,06/08/2018
107413501380,319.00,209035642,06/08/2018
107413133000,22426.58,200996072,06/08/2018
107413146070,500.00,201120022,06/08/2018
107413151920,459.02,201180726,06/08/2018
107413292718,807.82,202287036,06/08/2018
107413312702,100.00,202465338,06/08/2018
107413409956,204.25,203119221,06/08/2018
107413448159,1100.00,203270738,06/08/2018
CCAFH2AAI499,4930.00,209459860,06/08/2018
107413507650,3000.00,211562039,06/08/2018
107413511885,6891.00,213104644,06/08/2018
107413518286,549.00,214322917,06/08/2018
107413535389,1600.00,214637594,06/08/2018
107413537226,1685.00,214783956,06/08/2018
107413538119,145.60,214923569,06/08/2018
CCAFH1BPP412,442.00,214994176,06/08/2018
107413543324,150.00,214995635,06/08/2018
107413544461,509.00,214998115,06/08/2018
107413546137,110.00,214999628,06/08/2018
107413546521,3236.00,215000913,06/08/2018
107413068568,99.00,200623105,06/08/2018
107413159041,672.00,201245966,06/08/2018
107413184574,109.00,201473002,06/08/2018
107413241957,829.82,201941799,06/08/2018
107413262823,11.50,202080690,06/08/2018
107413371084,651.95,202900812,06/08/2018
107413426566,398.46,203197634,06/08/2018
107413444675,1840.00,203267905,06/08/2018
107413470039,800.00,203339103,06/08/2018
107413502367,100.00,209505322,06/08/2018
107413505767,366.26,210819262,06/08/2018
107413525043,317.00,214492310,06/08/2018
107413534778,186.00,214604093,06/08/2018
107413053131,50.00,200557144,06/08/2018
107413062359,199.00,200593138,06/08/2018
107413087511,440.00,200685344,06/08/2018
107413139475,352.76,201083553,06/08/2018
CCAFH2BPP371,796.32,201202913,06/08/2018
107413160384,8309.00,201258789,06/08/2018
107413209569,179.00,201682985,06/08/2018
107413266942,4297.00,202103256,06/08/2018
107413292744,450.00,202285674,06/08/2018
107413303843,95.00,202384349,06/08/2018
107413323920,293.82,202549687,06/08/2018
107413338565,3164.00,202660772,06/08/2018
107413355269,2171.80,202784111,06/08/2018
107413390074,1529.08,203018965,06/08/2018
107413393097,100000.00,203035887,06/08/2018
107413398774,490.00,203062216,06/08/2018
107413434665,440.00,203226700,06/08/2018
107413478287,499.00,203361283,06/08/2018
107413535916,60.00,214682272,06/08/2018
107413063607,199.00,200600449,06/08/2018
CCAFH1BPP373,796.32,201333702,06/08/2018
107413207370,412.64,201659384,06/08/2018
CCAFH2BPP387,188.00,201886139,06/08/2018
107413282131,459.02,202204479,06/08/2018
107413349420,6554.00,202740620,06/08/2018
107413351404,1710.84,202756626,06/08/2018
107413391132,1134.00,203023659,06/08/2018
107413414030,240.00,203139186,06/08/2018
107413418444,15.32,203169622,06/08/2018
107413452675,3000.00,203284832,06/08/2018
CCAFH2BPP408,930.00,203916571,06/08/2018
107413533424,245.00,214527391,06/08/2018
107413534240,188.00,214604388,06/08/2018
107413151226,456.80,201165077,06/08/2018
107413185783,935.00,201490662,06/08/2018
107413243712,1539.00,201954824,06/08/2018
107413261762,255.00,202074714,06/08/2018
107413320371,200000.00,202516627,06/08/2018
107413335241,404.36,202629675,06/08/2018
107413360303,500.00,202830028,06/08/2018
107413369854,2000.00,202893938,06/08/2018
107413424023,1091.80,203186136,06/08/2018
107413467969,65000.00,203331477,06/08/2018
107413479199,50000.00,203362353,06/08/2018
107413482844,100.00,203373393,06/08/2018
107413503218,335.50,210200279,06/08/2018
107413047405,133.00,200543833,06/08/2018
107413173437,200000.00,201378805,06/08/2018
107413189030,200.00,201532066,06/08/2018
107413200837,466.80,201606293,06/08/2018
107413242874,50.00,201943474,06/08/2018
107413258428,50.00,202054949,06/08/2018
107413279657,18784.00,202186152,06/08/2018
107413303660,25.00,202388835,06/08/2018
107413324090,151.00,202548342,06/08/2018
107413325821,725.00,202564507,06/08/2018
CCAFH1AAI490,13398.00,202923783,06/08/2018
107413427003,1479.00,203197687,06/08/2018
107413437912,294.00,203237842,06/08/2018
CCAFH1BPP406,750.00,203335944,06/08/2018
107413473230,100.00,203347363,06/08/2018
107413512255,7.00,213150052,06/08/2018
CCAFH1BPP413,529.82,214996245,06/08/2018
107413040440,18.00,200443855,06/08/2018
107413052990,500.00,200555945,06/08/2018
107413123282,10.00,200893044,06/08/2018
107413153587,396.80,201191134,06/08/2018
107413172755,7213.00,201372849,06/08/2018
107413309226,1000.00,202432808,06/08/2018
107413324694,30000.00,202553754,06/08/2018
107413416076,199.00,203150491,06/08/2018
107413444819,94.05,203260880,06/08/2018
107413468583,50.00,203331305,06/08/2018
107413518853,352.38,214324859,06/08/2018
107413055979,99.00,200563240,06/08/2018
107413059311,7626.80,200576252,06/08/2018
107413064701,399.00,200603985,06/08/2018
107413065278,500.00,200604895,06/08/2018
107413068113,15000.00,200619559,06/08/2018
107413067759,400.00,200621280,06/08/2018
107413112984,50.00,200817797,06/08/2018
CCAFH2BPP365,2607.00,200831912,06/08/2018
CCAFH2BPP377,502.88,201579943,06/08/2018
107413214705,3000.00,201718092,06/08/2018
107413234007,343.78,201864263,06/08/2018
107413253819,300.00,202028165,06/08/2018
107413302198,20.00,202375331,06/08/2018
107413313738,854.40,202470771,06/08/2018
107413389409,1022.00,203013686,06/08/2018
107413469749,549.20,203336182,06/08/2018
107413488248,807.82,203593045,06/08/2018
107413490765,2970.00,204648015,06/08/2018
107413519077,485.00,214345223,06/08/2018
107413076016,376.00,200651889,06/08/2018
107413152013,389.50,201187735,06/08/2018
107413155741,1000.00,201230982,06/08/2018
107413178987,781.80,201426737,06/08/2018
107413342182,498.00,202705764,06/08/2018
107413345443,22766.00,202712591,06/08/2018
107413380470,792.00,202963001,06/08/2018
107413409432,1159.00,203118496,06/08/2018
107413430181,533.00,203210806,06/08/2018
107413433369,1000.00,203221606,06/08/2018
107413434688,119.00,203227423,06/08/2018
107413511790,26.00,212958347,06/08/2018
107413530706,145.00,214508980,06/08/2018
107413162749,5960.00,201279490,06/08/2018
107413253029,99.00,202019702,06/08/2018
107413259528,503.24,202064062,06/08/2018
107413308145,2.00,202420746,06/08/2018
107413356090,2460.00,202789983,06/08/2018
107413371753,20.00,202921370,06/08/2018
107413392079,30000.00,203030575,06/08/2018
107413424505,2371.80,203188326,06/08/2018
107413455742,200.00,203294425,06/08/2018
107413457609,100.00,203302857,06/08/2018
107413524169,554.00,214490212,06/08/2018
107413528596,472.00,214504191,06/08/2018
107413035286,199.00,200042480,06/08/2018
107413205914,883.82,201645015,06/08/2018
CCAFH2BPP383,200.00,201861816,06/08/2018
107413263185,50.00,202080566,06/08/2018
107413047620,398.00,200544083,06/08/2018
107413048108,431.80,200545038,06/08/2018
107413037039,149.00,200046502,06/08/2018
107413043398,94.00,200521679,06/08/2018
107413044956,83.00,200540296,06/08/2018
107413046780,49.00,200543074,06/08/2018
107413048265,431.80,200545274,06/08/2018
107413050898,1500.00,200551269,06/08/2018
107413054352,399.00,200558946,06/08/2018
107413054212,100.00,200558669,06/08/2018
107413059451,99.00,200575549,06/08/2018
107413059554,1178.82,200576147,06/08/2018
107413070815,400.00,200638534,06/08/2018
107413074161,350.00,200648502,06/08/2018
107413074952,200.00,200649584,06/08/2018
107413077220,50.00,200654756,06/08/2018
107413078655,446.50,200658577,06/08/2018
107413080282,49.00,200663114,06/08/2018
107413080502,199.00,200663616,06/08/2018
107413080271,199.00,200663867,06/08/2018
107413083125,380.00,200672224,06/08/2018
107413090157,411.82,200696030,06/08/2018
107413091495,49.00,200697210,06/08/2018
107413091648,8.00,200699749,06/08/2018
107413093844,149.00,200705640,06/08/2018
107413094048,50.00,200708849,06/08/2018
107413095385,49.00,200710420,06/08/2018
107413102564,200.85,200752813,06/08/2018
CCAFH2BPP364,1489.00,200817537,06/08/2018
107413125451,703.00,200917794,06/08/2018
107413126159,100.00,200927059,06/08/2018
107413133735,348.00,200997249,06/08/2018
107413162346,7744.00,201283902,06/08/2018
107413163366,450.00,201290543,06/08/2018
107413165900,691.00,201315343,06/08/2018
107413169506,4000.00,201347789,06/08/2018
107413175033,300.00,201390852,06/08/2018
107413186544,29500.00,201504389,06/08/2018
107413187584,630.00,201505711,06/08/2018
107413044523,97.07,200530906,06/08/2018
107413052075,324.00,200554100,06/08/2018
107413065060,199.00,200604353,06/08/2018
107413066692,109.00,200614043,06/08/2018
107413070011,399.00,200631128,06/08/2018
107413084459,199.00,200675789,06/08/2018
107413083777,398.00,200675881,06/08/2018
107413091611,5000.00,200697942,06/08/2018
107413098989,50000.00,200727370,06/08/2018
107413116580,59.00,200840593,06/08/2018
107413124632,13633.00,200908376,06/08/2018
107413130796,99.00,200973758,06/08/2018
107413137702,100.00,201040462,06/08/2018
107413140603,10500.00,201074783,06/08/2018
107413147365,781.80,201133961,06/08/2018
107413155358,16.00,201219636,06/08/2018
107413160264,1090.00,201263367,06/08/2018
107413168204,316.80,201337850,06/08/2018
107413178212,202.00,201414151,06/08/2018
107413182177,149.00,201456460,06/08/2018
107413183731,49.00,201464999,06/08/2018
107413190790,245.00,201533178,06/08/2018
107413197146,336.80,201581011,06/08/2018
107413203922,1500.00,201629060,06/08/2018
107413086564,399.00,200681984,06/08/2018
107413190644,99.00,201530436,06/08/2018
107413196150,3319.00,201570885,06/08/2018
107413209208,1404.40,201676081,06/08/2018
107413210649,1900.00,201697295,06/08/2018
107413213403,13155.25,201703421,06/08/2018
CCAFH1BPP380,500.00,201780387,06/08/2018
CCAFH1AAI477,14400.72,201897650,06/08/2018
107413247547,50.00,201981790,06/08/2018
107413253870,2662.00,202028350,06/08/2018
107413255729,15000.00,202039938,06/08/2018
107413256239,672.80,202040524,06/08/2018
107413261998,2.00,202077305,06/08/2018
107413267942,1101.80,202106924,06/08/2018
CCAFH2AAI478,4527.00,202130080,06/08/2018
107413275332,462.56,202156221,06/08/2018
107413297034,7700.00,202329246,06/08/2018
107413307493,399.00,202419507,06/08/2018
107413312735,13156.00,202463452,06/08/2018
107413321991,404.36,202529119,06/08/2018
CCAFH2AAI487,6242.00,202645943,06/08/2018
107413337937,541.80,202651994,06/08/2018
107413348671,1058.46,202738518,06/08/2018
107413352610,8609.00,202766940,06/08/2018
107413368172,5000.00,202882750,06/08/2018
107413382204,47.50,202973033,06/08/2018
107413387739,7.00,203006536,06/08/2018
107413396049,171.89,203051420,06/08/2018
107413397861,7905.00,203057950,06/08/2018
107413399009,800.00,203068009,06/08/2018
107413401746,709.00,203081512,06/08/2018
107413403082,204.25,203084083,06/08/2018
107413424180,3051.08,203186376,06/08/2018
107413432625,3462.00,203219579,06/08/2018
107413039361,120.00,200188104,06/08/2018
107413055713,199.00,200562412,06/08/2018
107413155720,31.00,201224539,06/08/2018
107413185911,100.00,201488888,06/08/2018
107413205206,1635.00,201636602,06/08/2018
107413205367,1000.00,201637274,06/08/2018
107413211056,2406.00,201686690,06/08/2018
107413231752,303.00,201846468,06/08/2018
CCAFH1BPP385,200.00,201849227,06/08/2018
107413244304,1992.00,201955180,06/08/2018
107413249569,308.80,201996965,06/08/2018
107413251172,399.00,202011905,06/08/2018
107413263113,179.00,202081099,06/08/2018
107413263612,135.00,202086833,06/08/2018
107413269398,4032.00,202114239,06/08/2018
107413270324,450.00,202123730,06/08/2018
107413278525,352.82,202178812,06/08/2018
107413279794,359.90,202187783,06/08/2018
107413285964,144.00,202231931,06/08/2018
CCAFH2AAI480,3926.00,202236167,06/08/2018
107413286141,26.00,202243198,06/08/2018
107413294876,448.00,202309886,06/08/2018
107413296970,102.00,202341960,06/08/2018
107413307751,79.50,202421160,06/08/2018
107413313076,400.00,202463063,06/08/2018
107413314615,756.80,202478292,06/08/2018
107413324318,420.00,202549381,06/08/2018
107413328575,500.00,202585888,06/08/2018
107413338101,850.00,202651569,06/08/2018
107413341777,3000.00,202681719,06/08/2018
107413352405,440.00,202762897,06/08/2018
107413365787,25.00,202863344,06/08/2018
107413367564,300.00,202875555,06/08/2018
107413368138,448.50,202881921,06/08/2018
CCAFH1AAI488,8466.96,202883838,06/08/2018
107413369185,60.00,202885891,06/08/2018
107413375254,154.39,202931389,06/08/2018
107413387062,149.12,203001892,06/08/2018
107413387092,70.00,203004849,06/08/2018
107413051791,448.00,200553530,06/08/2018
107413056079,40.00,200563281,06/08/2018
107413059009,10011.80,200574117,06/08/2018
107413225105,825.32,201803794,06/08/2018
107413263615,404.36,202083723,06/08/2018
107413282209,3112.22,202226362,06/08/2018
107413408974,2000.00,203112365,06/08/2018
107413444492,200000.00,203259917,06/08/2018
107413527932,3124.00,214502820,06/08/2018
107413540517,672.80,214987019,06/08/2018
107413059441,200.00,200575253,06/08/2018
107413061889,355.00,200592553,06/08/2018
107413297089,160000.00,202326293,06/08/2018
107413318499,50.00,202513772,06/08/2018
107413393274,9756.00,203037305,06/08/2018
107413399846,951.80,203067111,06/08/2018
107413445744,402.80,203262753,06/08/2018
107413459835,7504.00,203305435,06/08/2018
107413497713,1687.00,207889077,06/08/2018
107413512426,835.00,213282380,06/08/2018
107413523924,50.00,214487172,06/08/2018
107413541441,1706.00,214989833,06/08/2018
107413083478,199.00,200672975,06/08/2018
107413107935,190.38,200790005,06/08/2018
107413113886,348.00,200824344,06/08/2018
107413185315,191.80,201481127,06/08/2018
107413447134,415.00,203267936,06/08/2018
CCAFH2AAI496,50858.00,203316137,06/08/2018
107413466786,250.00,203326835,06/08/2018
107413056527,448.00,200564679,06/08/2018
107413064591,199.00,200602687,06/08/2018
107413066165,221.80,200610857,06/08/2018
107413070823,399.00,200635989,06/08/2018
107413509225,205.40,212387893,06/08/2018
107413546424,100.00,215000381,06/08/2018
107413162136,8286.00,201276390,06/08/2018
107413481036,438.92,203367916,06/08/2018
CCAFH2BPP411,58.00,214495236,06/08/2018
107413143005,50.00,201094524,06/08/2018
CCAFH1BPP388,284.00,202065106,06/08/2018
107413274708,100.00,202153389,06/08/2018
107413292186,203.24,202290844,06/08/2018
CCAFH2AAI486,17265.00,202602586,06/08/2018
107413344198,8011.80,202735101,06/08/2018
107413408737,150.00,203114855,06/08/2018
107413439668,14597.00,203256691,06/08/2018
107413454309,40000.00,203289450,06/08/2018
107413529601,480.00,214511283,06/08/2018
107413064908,448.00,200604031,06/08/2018
107413076679,469.21,200654449,06/08/2018
107413094914,30.00,200709456,06/08/2018
107413291509,149.00,202274450,06/08/2018
107413445814,448.00,203262474,06/08/2018
107413117766,46656.00,200847607,06/08/2018
CCAFH1BPP367,2205.00,200966250,06/08/2018
107413240749,505.00,201925419,06/08/2018
107413280942,1760.68,202193880,06/08/2018
107413425887,2003.24,203194228,06/08/2018
107413438450,200.00,203238968,06/08/2018
107413487298,500.00,203395766,06/08/2018
107413070230,1111.80,200632555,06/08/2018
107413196524,800.00,201574201,06/08/2018
CCAFH1AAI493,1712.00,203185516,06/08/2018
107413487778,415.00,203779337,06/08/2018
107413509428,2.00,212206872,06/08/2018
CCAFH2BPP356,3945.00,200050065,06/08/2018
107413049513,399.00,200547773,06/08/2018
107413069938,92.00,200630133,06/08/2018
107413080780,199.00,200665618,06/08/2018
107413140414,179.00,201089273,06/08/2018
CCAFH2AAI483,5252.00,202300641,06/08/2018
107413418187,196.80,203161274,06/08/2018
107413424621,440.92,203187131,06/08/2018
107413425109,410.00,203189504,06/08/2018
107413436938,294.00,203234614,06/08/2018
107413444083,300.00,203260018,06/08/2018
107413450300,53.24,203280981,06/08/2018
CCAFH1AAI497,1050.00,203323394,06/08/2018
107413481466,5000.00,203370480,06/08/2018
107413495920,160.00,206683840,06/08/2018
107413502656,5081.08,209573446,06/08/2018
107413512000,529.82,213145733,06/08/2018
107413522254,2624.00,214436467,06/08/2018
107413087674,300.00,200687271,06/08/2018
107413156925,16.00,201225874,06/08/2018
107413189383,353.00,201526577,06/08/2018
107413261314,2050.00,202071164,06/08/2018
CCAFH1BPP389,1180.00,202088645,06/08/2018
107413455228,600.00,203292531,06/08/2018
107413492368,3716.00,205408880,06/08/2018
107413046949,736.00,200543219,06/08/2018
107413123010,1900.00,200890582,06/08/2018
107413133373,166.00,200993939,06/08/2018
107413223274,149.00,201786548,06/08/2018
107413318482,500.00,202509922,06/08/2018
107413319185,2508.00,202527595,06/08/2018
107413461194,1470.00,203311346,06/08/2018
107413545986,2111.00,214999901,06/08/2018
CCAFH1BPP362,204.00,200707186,06/08/2018
107413261467,193.04,202072545,06/08/2018
107413434608,3008.00,203226746,06/08/2018
107413439849,15.00,203244405,06/08/2018
107413442124,130.00,203251941,06/08/2018
107413494957,3868.00,206538470,06/08/2018
107413505511,791.80,210976403,06/08/2018
107413508303,7825.00,211901606,06/08/2018
107413539267,5777.00,214948203,06/08/2018
107413543477,850.00,214994132,06/08/2018
107413547807,3686.00,215004398,06/08/2018
107413192784,459.00,201548164,06/08/2018
107413331437,577.00,202616881,06/08/2018
107413335295,815.00,202629706,06/08/2018
CCAFH2BPP394,4250.00,202655001,06/08/2018
107413406661,490.00,203103082,06/08/2018
107413440272,250.00,203246245,06/08/2018
107413444383,249.00,203258764,06/08/2018
107413062357,199.00,200593295,06/08/2018
107413103768,847.00,200761226,06/08/2018
107413107984,429.00,200789078,06/08/2018
CCAFH2AAI479,3305.00,202198414,06/08/2018
107413292697,293.00,202288361,06/08/2018
107413353852,200.00,202776798,06/08/2018
107413378275,1800.00,202950275,06/08/2018
107413413037,60000.00,203134938,06/08/2018
107413468324,30000.00,203333117,06/08/2018
107413539645,5264.00,214976735,06/08/2018
107413231082,100.00,201839607,06/08/2018
107413284491,1994.00,202226122,06/08/2018
CCAFH1AAI485,11649.00,202452343,06/08/2018
107413523096,184.00,214486837,06/08/2018
107413526969,1027.00,214500359,06/08/2018
107413108849,1400.00,200798795,06/08/2018
CCAFH2AAI475,1895.25,201208879,06/08/2018
107413159986,551.80,201259298,06/08/2018
107413166352,1000.00,201321011,06/08/2018
107413168641,445.00,201339848,06/08/2018
107413236208,146.80,201886204,06/08/2018
107413373094,757.00,202926558,06/08/2018
107413417427,200.00,203155011,06/08/2018
CCAFH1BPP401,1074.00,203179446,06/08/2018
107413421421,100.00,203181400,06/08/2018
107413457880,30.00,203300604,06/08/2018
107413469138,10.00,203334355,06/08/2018
107413135615,2029.50,201018644,06/08/2018
107413171298,791.00,201361744,06/08/2018
107413277963,20.00,202171526,06/08/2018
107413380694,55.00,202964714,06/08/2018
107413464157,345.00,203319938,06/08/2018
107413468833,1470.00,203332968,06/08/2018
107413477020,438.92,203356453,06/08/2018
107413505771,3931.00,210899937,06/08/2018
107413110393,159.00,200803185,06/08/2018
107413175553,166.00,201394100,06/08/2018
107413246336,179.00,201977486,06/08/2018
107413261313,5000.00,202076876,06/08/2018
107413271787,55000.00,202132289,06/08/2018
CCAFH1AAI498,17952.00,203345211,06/08/2018
107413520349,991.80,214383460,06/08/2018
