05/08/2018|107412567168|641.800|38260214
05/08/2018|107413008647|40007.080|38279087
05/08/2018|107412989453|9455.000|38278313
05/08/2018|107412779184|40000.000|38269351
05/08/2018|CCAFH1AAH495|1053.000|38264985
05/08/2018|107412842684|30.640|38271847
05/08/2018|107412843693|71.490|38271897
05/08/2018|CCAFH2AAH499|2263.520|38273211
05/08/2018|107412678396|161.800|38264679
05/08/2018|CCAFH2AAH493|1947.000|38264583
05/08/2018|107412652347|100.000|38263443
05/08/2018|107412796743|791.320|38269993
05/08/2018|107412972371|1591.800|38277475
05/08/2018|107412772714|509.440|38269010
05/08/2018|CCAFH1AAH502|18094.000|38276564
05/08/2018|107412867528|509.440|38272920
05/08/2018|107412678557|481.800|38264709
05/08/2018|107412584462|848.820|38260667
05/08/2018|107412566655|631.800|38260203
05/08/2018|107412559295|17862.000|38260102
05/08/2018|107412585001|529.820|38260679
05/08/2018|107412910386|1000.000|38274709
05/08/2018|107412651576|20000.000|38263363
05/08/2018|107412819373|27315.000|38270936
05/08/2018|107412706271|19790.000|38266055
05/08/2018|107412892875|411.800|38273947
05/08/2018|107412966150|801.800|38277232
05/08/2018|107412863310|136.800|38272740
05/08/2018|107412995472|789.320|38278547
05/08/2018|107412970309|801.800|38277395
05/08/2018|CCAFH1AAH491|5559.000|38260926
05/08/2018|107413021409|52496.000|38279557
05/08/2018|107412968630|1591.800|38277332
05/08/2018|107412550712|1179.000|38259936
05/08/2018|107412558445|589.600|38260085
05/08/2018|107412584278|5956.000|38260666
05/08/2018|107412970601|1500.000|38277409
05/08/2018|107412995413|475.000|38278507
05/08/2018|107412717008|600.000|38266533
05/08/2018|107412758430|111.000|38268386
05/08/2018|107413006796|300.000|38278998
05/08/2018|107413011786|499.000|38279203
05/08/2018|107413027545|199.000|38279782
05/08/2018|107412759217|102.000|38268385
05/08/2018|107412813847|199.000|38270731
05/08/2018|107412765584|475.000|38268687
05/08/2018|107412832404|913.140|38271460
05/08/2018|CCAFH2BLA276|495.000|38272476
05/08/2018|107412757414|294.000|38268373
05/08/2018|107412563309|295.000|38260159
05/08/2018|107412609740|199.000|38261558
05/08/2018|107412911481|98.000|38274803
05/08/2018|107412917382|475.000|38275011
05/08/2018|107412981475|399.000|38277919
05/08/2018|107412912632|99.000|38274780
05/08/2018|107412667804|99.000|38264168
05/08/2018|107412831756|448.000|38271414
05/08/2018|107412831620|4904.000|38271470
05/08/2018|107412990670|619.000|38278368
05/08/2018|107413008947|624.000|38279090
05/08/2018|107412750328|448.000|38267968
05/08/2018|107412794396|550.000|38269854
05/08/2018|107412811797|500.000|38270585
05/08/2018|CCAFH1BLA278|46538.000|38273759
05/08/2018|107412891860|498.000|38273928
05/08/2018|107412910394|20.000|38274693
05/08/2018|107412628906|353.000|38262358
05/08/2018|107412841545|14.000|38271805
05/08/2018|107412846618|99.000|38272051
05/08/2018|107412934475|98.000|38275820
05/08/2018|CCAFH2BLA261|290.000|38262045
05/08/2018|107412722068|488.000|38266730
05/08/2018|107412990570|200.000|38278331
05/08/2018|107412992862|300.000|38278414
05/08/2018|107413028748|499.000|38279828
05/08/2018|107412570415|531.000|38260262
05/08/2018|107412734713|199.000|38267244
05/08/2018|107412725493|111.000|38266886
05/08/2018|107412740585|2816.000|38267542
05/08/2018|107412862390|199.000|38272711
05/08/2018|107412839454|99.000|38271726
05/08/2018|107412870609|448.000|38273058
05/08/2018|107412913758|199.000|38274833
05/08/2018|107412710826|707.000|38266228
05/08/2018|107412780868|710.000|38269313
05/08/2018|107412979560|767.000|38277843
05/08/2018|107412982750|50.000|38277965
05/08/2018|CCAFH1BLA285|800.000|38279037
05/08/2018|107412820111|405.000|38270975
05/08/2018|107412825225|800.000|38271168
05/08/2018|107412976825|199.000|38277717
05/08/2018|CCAFH2BLA281|1365.000|38277761
05/08/2018|107412874089|1364.040|38273197
05/08/2018|107412759015|3788.000|38268395
05/08/2018|107412783787|174.000|38269439
05/08/2018|107412881834|111.000|38273528
05/08/2018|107412946806|319.000|38276329
05/08/2018|107412962486|323.000|38277063
05/08/2018|CCAFH2BLA284|796.320|38278488
05/08/2018|107412817102|2107.720|38270842
05/08/2018|107412833901|616.550|38271507
05/08/2018|107412678266|499.000|38264686
05/08/2018|107412676282|300.000|38264598
05/08/2018|107412976722|399.000|38277694
05/08/2018|107412746926|414.000|38267896
05/08/2018|CCAFH2BLA267|12910.000|38268219
05/08/2018|107412757144|500.000|38268298
05/08/2018|107412722925|110.000|38266743
05/08/2018|107412741569|399.000|38267579
05/08/2018|107412823254|800.000|38271087
05/08/2018|107412763356|8080.000|38268577
05/08/2018|107412784476|589.000|38269450
05/08/2018|107412867275|552.000|38272909
05/08/2018|107413010788|1998.000|38279169
05/08/2018|107413028628|15.000|38279825
05/08/2018|107412805796|2063.000|38270350
05/08/2018|107412561327|6383.000|38260138
05/08/2018|107412907107|594.000|38274552
05/08/2018|107412929150|300.000|38275555
05/08/2018|107412934566|15.000|38275804
05/08/2018|107412550963|111.000|38259939
05/08/2018|107412994943|928.910|38278486
05/08/2018|107413023843|897.250|38279656
05/08/2018|107412758008|3261.000|38268319
05/08/2018|107412766147|1710.000|38268674
05/08/2018|CCAFH1BLA268|1473.000|38268380
05/08/2018|107412778188|1103.000|38269229
05/08/2018|107412815091|1305.000|38270709
05/08/2018|107412654114|8943.000|38263511
05/08/2018|107412547983|620.000|38259876
05/08/2018|107412842490|1197.950|38271849
05/08/2018|107412846548|6996.000|38272042
05/08/2018|107412849342|115.000|38272169
05/08/2018|107412898460|3906.000|38274180
05/08/2018|107412547230|100.000|38259850
05/08/2018|107412735888|400.000|38267389
05/08/2018|107412610066|199.000|38261600
05/08/2018|107412687400|500.000|38265178
05/08/2018|107412631651|5483.000|38262470
05/08/2018|107412646730|149.000|38263138
05/08/2018|107412707258|200.000|38266074
05/08/2018|CCAFH2BLA277|616.550|38273035
05/08/2018|107412868483|3194.000|38272955
05/08/2018|107412684825|529.000|38265068
05/08/2018|107412872372|448.000|38273137
05/08/2018|107412926805|1611.680|38275431
05/08/2018|107412561485|471.000|38260132
05/08/2018|107412635771|149.000|38262661
05/08/2018|107412676127|1940.000|38264562
05/08/2018|107412554557|9909.000|38260024
05/08/2018|107412696929|199.000|38265647
05/08/2018|107412739305|99.000|38267465
05/08/2018|107412925862|179.000|38275430
05/08/2018|107412647632|100.000|38263184
05/08/2018|107412669639|399.000|38264254
05/08/2018|107412941935|10.000|38276142
05/08/2018|107412550049|29.000|38259912
05/08/2018|107412552032|49.000|38259955
05/08/2018|107412839251|349.000|38271717
05/08/2018|107412854712|4291.000|38272392
05/08/2018|107412587553|509.000|38260768
05/08/2018|107412902219|1317.000|38274344
05/08/2018|107412625472|4014.000|38262247
05/08/2018|107412747052|100.000|38267874
05/08/2018|107412734220|3773.000|38267276
05/08/2018|107412775269|50.000|38269095
05/08/2018|107412571539|5437.000|38260283
05/08/2018|107412911456|149.000|38274731
05/08/2018|107412643234|100.000|38262993
05/08/2018|107412920622|500.000|38275168
05/08/2018|107412639436|100.000|38262807
05/08/2018|107412974869|100.000|38277623
05/08/2018|107412749250|380.000|38267927
05/08/2018|107412749858|199.000|38267969
05/08/2018|107412991242|150.000|38278346
05/08/2018|107412843785|10.000|38271910
05/08/2018|107412600548|90.000|38261228
05/08/2018|107412814076|149.000|38270743
05/08/2018|107412836427|543.000|38271702
05/08/2018|107412885088|216.000|38273661
05/08/2018|107412919953|1392.000|38275124
05/08/2018|107412677502|179.000|38264644
05/08/2018|107412677200|48.000|38264685
05/08/2018|107412903703|49.000|38274406
05/08/2018|107412675310|199.000|38264539
05/08/2018|107412589372|498.000|38260841
05/08/2018|107413015835|499.000|38279348
05/08/2018|107412944829|470.000|38276273
05/08/2018|107412786003|448.000|38269511
05/08/2018|107412985252|150.000|38278079
05/08/2018|107412653327|110.000|38263437
05/08/2018|107412780833|1660.000|38269322
05/08/2018|107412983514|49.000|38277993
05/08/2018|107412815153|777.950|38270769
05/08/2018|107412679645|30.000|38264736
05/08/2018|107412694576|2755.000|38265519
05/08/2018|107412681311|6176.000|38264842
05/08/2018|CCAFH2BLA256|169.120|38260162
05/08/2018|107412685786|49.000|38265041
05/08/2018|107412640929|3737.000|38262876
05/08/2018|107412554895|448.000|38260025
05/08/2018|107413015409|822.620|38279378
05/08/2018|CCAFH1BLA260|1359.150|38260836
05/08/2018|107412571318|649.000|38260276
06/08/2018|107413209076|501.800|38295069
06/08/2018|107413146975|1003.240|38288449
06/08/2018|CCAFH1AAH505|3903.000|38284837
06/08/2018|107413181592|1503.240|38292386
06/08/2018|107413051990|306.370|38280481
06/08/2018|CCAFH1AAH506|3742.200|38292116
06/08/2018|107413138757|21600.000|38287622
06/08/2018|CCAFH2AAH512|4188.000|38317481
06/08/2018|CCAFH2AAH516|2418.000|38320851
06/08/2018|107413407124|93600.000|38315091
06/08/2018|107413385565|1003.240|38312907
06/08/2018|107413372465|10.210|38311809
06/08/2018|CCAFH2AAH514|3853.000|38320257
06/08/2018|107413195622|200000.000|38293813
06/08/2018|107413216648|1667.000|38295786
06/08/2018|107413270544|303.240|38301261
06/08/2018|107413270972|42452.000|38301257
06/08/2018|CCAFH1AAH511|1011.800|38311086
06/08/2018|107413405720|150000.000|38314959
06/08/2018|107413267600|1003.240|38300893
06/08/2018|107413432394|35000.000|38316774
06/08/2018|107413323045|2003.240|38306848
06/08/2018|107413463307|5504.000|38318824
06/08/2018|CCAFH2AAH504|2619.000|38280102
06/08/2018|107413486519|791.800|38320155
06/08/2018|CCAFH1AAH509|5547.000|38307312
06/08/2018|107413180530|11149.000|38292318
06/08/2018|107413251405|510.620|38299258
06/08/2018|107413107605|50000.000|38284117
06/08/2018|107413095432|175000.000|38282972
06/08/2018|CCAFH1AAH503|6983.000|38279907
06/08/2018|CCAFH1AAH510|2788.460|38308017
06/08/2018|107413250594|10535.000|38299256
06/08/2018|107413200462|70000.000|38294300
06/08/2018|107413540966|149.000|38322663
06/08/2018|107413549054|395.000|38322915
06/08/2018|CCAFH1BLA291|1312.500|38280877
06/08/2018|107413162324|1237.000|38290258
06/08/2018|107413167591|1200.000|38290859
06/08/2018|107413169116|20.000|38290930
06/08/2018|107413209496|375.000|38295341
06/08/2018|107413221226|98.000|38296335
06/08/2018|107413258493|475.000|38299983
06/08/2018|107413263112|475.000|38300454
06/08/2018|107413271982|650.000|38301415
06/08/2018|107413332235|610.420|38307848
06/08/2018|107413338973|1080.000|38308579
06/08/2018|107413353208|199.000|38309939
06/08/2018|107413354433|98.000|38310084
06/08/2018|107413389485|509.000|38313279
06/08/2018|CCAFH1BLA323|1650.000|38319314
06/08/2018|CCAFH2BLA287|711.000|38279906
06/08/2018|107413124994|190.000|38285926
06/08/2018|107413157747|184.000|38289709
06/08/2018|107413344419|250.000|38309125
06/08/2018|107413358543|783.350|38310587
06/08/2018|107413345345|500.000|38309240
06/08/2018|107413345617|5350.000|38309280
06/08/2018|107413350676|1355.000|38309710
06/08/2018|107413418134|1121.000|38315873
06/08/2018|CCAFH1BLA326|185.000|38321402
06/08/2018|107413325775|1257.000|38307143
06/08/2018|107413087080|349.000|38282386
06/08/2018|107413488000|442.600|38320292
06/08/2018|107413490445|353.000|38320364
06/08/2018|107413387439|472.000|38313087
06/08/2018|107413390714|1130.000|38313406
06/08/2018|107413543674|199.000|38322762
06/08/2018|CCAFH1BLA328|12694.000|38322862
06/08/2018|107413069941|308.000|38281368
06/08/2018|107413464753|884.000|38318915
06/08/2018|CCAFH2BLA325|950.000|38321091
06/08/2018|107413540469|149.000|38322637
06/08/2018|107413542066|92.000|38322706
06/08/2018|107413104641|97.000|38283786
06/08/2018|107413490543|399.000|38320390
06/08/2018|107413343616|3368.000|38309084
06/08/2018|107413086190|29.000|38282322
06/08/2018|107413346452|150.000|38309319
06/08/2018|107413370978|638.290|38311647
06/08/2018|CCAFH1BLA321|22938.000|38317876
06/08/2018|107413481485|100.000|38319865
06/08/2018|107413540272|1332.000|38322658
06/08/2018|CCAFH1BLA305|74.000|38299228
06/08/2018|107413527840|1179.000|38322184
06/08/2018|107413157531|700.000|38289716
06/08/2018|CCAFH2BLA308|1599.000|38301453
06/08/2018|107413244341|7849.000|38298586
06/08/2018|107413242923|215.000|38298428
06/08/2018|107413089103|549.000|38282531
06/08/2018|107413331531|440.000|38307699
06/08/2018|107413329473|407.000|38307631
06/08/2018|107413416841|600.000|38315763
06/08/2018|107413509789|22.000|38321347
06/08/2018|107413105303|263.000|38283950
06/08/2018|107413478783|400.000|38319772
06/08/2018|107413113730|471.000|38284712
06/08/2018|107413143666|448.000|38288135
06/08/2018|107413034138|787.500|38279961
06/08/2018|107413049713|448.000|38280372
06/08/2018|107413507554|4124.000|38321366
06/08/2018|107413528020|448.000|38322189
06/08/2018|107413542546|149.000|38322727
06/08/2018|107413156873|2400.000|38289761
06/08/2018|107413169608|98.000|38290997
06/08/2018|107413202091|300.000|38294426
06/08/2018|107413203471|3500.000|38294691
06/08/2018|107413226567|500.000|38296824
06/08/2018|107413170612|1167.000|38291111
06/08/2018|107413446911|1180.000|38317800
06/08/2018|107413110374|400.000|38284411
06/08/2018|107413262648|693.710|38300377
06/08/2018|107413272129|250.000|38301428
06/08/2018|107413313169|900.000|38306009
06/08/2018|107413528088|1066.880|38322190
06/08/2018|CCAFH2BLA313|740.320|38309439
06/08/2018|107413426880|590.000|38316435
06/08/2018|107413399600|908.000|38314493
06/08/2018|107413517624|199.000|38321720
06/08/2018|107413145896|945.000|38288525
06/08/2018|107413155461|30.000|38289460
06/08/2018|107413093871|353.000|38282877
06/08/2018|107413102504|199.000|38283683
06/08/2018|107413178198|305.000|38292047
06/08/2018|107413531980|1914.000|38322348
06/08/2018|107413036670|9612.000|38280029
06/08/2018|107413042589|2457.000|38280150
06/08/2018|107413309667|500.000|38305584
06/08/2018|107413305107|3051.080|38305031
06/08/2018|107413458637|200.000|38318473
06/08/2018|107413459879|650.000|38318556
06/08/2018|107413330820|1071.000|38307675
06/08/2018|107413464951|4562.000|38318883
06/08/2018|107413350556|250.000|38309683
06/08/2018|107413461005|945.000|38318638
06/08/2018|107413488058|399.000|38320267
06/08/2018|107413042657|3201.000|38280157
06/08/2018|107413037979|996.450|38280054
06/08/2018|107413215683|808.000|38295676
06/08/2018|107413410857|570.000|38315381
06/08/2018|107413415582|1770.000|38315680
06/08/2018|107413095733|3055.000|38283010
06/08/2018|107413445178|522.000|38317643
06/08/2018|107413324778|1225.000|38307093
06/08/2018|107413339296|2118.000|38308682
06/08/2018|107413353447|456.760|38310045
06/08/2018|107413357788|1774.000|38310432
06/08/2018|107413336254|2000.000|38308319
06/08/2018|107413396374|100.000|38313991
06/08/2018|107413407562|250.000|38315093
06/08/2018|107413114232|300.000|38284731
06/08/2018|107413400445|1355.820|38314534
06/08/2018|107413434530|325.000|38316921
06/08/2018|107413232790|480.000|38297402
06/08/2018|107413241922|500.000|38298349
06/08/2018|107413255903|2823.000|38299687
06/08/2018|107413275929|1415.000|38301762
06/08/2018|107413297112|500.000|38304101
06/08/2018|107413332047|5436.000|38307947
06/08/2018|107413335914|1946.000|38308314
06/08/2018|107413266491|199.000|38300782
06/08/2018|107413275349|1100.000|38301749
06/08/2018|107413280151|9990.000|38302218
06/08/2018|107413306050|647.000|38305083
06/08/2018|107413307002|383.000|38305278
06/08/2018|107413328279|608.000|38307399
06/08/2018|CCAFH1BLA311|4000.000|38303183
06/08/2018|107413402883|600.000|38314855
06/08/2018|107413413083|3656.000|38315527
06/08/2018|107413412771|475.000|38315503
06/08/2018|107413420129|947.000|38316010
06/08/2018|107413352223|199.000|38309883
06/08/2018|107413466208|100.000|38319017
06/08/2018|107413194848|824.000|38293773
06/08/2018|107413195938|476.000|38293851
06/08/2018|107413151853|500.000|38289098
06/08/2018|107413144008|149.000|38288465
06/08/2018|107413149063|760.000|38288726
06/08/2018|107413162927|1000.000|38290294
06/08/2018|107413195682|477.000|38293806
06/08/2018|107413209202|219.000|38295066
06/08/2018|107413195850|1311.000|38293842
06/08/2018|107413222377|1296.000|38296458
06/08/2018|107413220675|250.000|38296224
06/08/2018|107413242225|199.000|38298414
06/08/2018|107413169074|199.000|38290935
06/08/2018|107413194028|943.000|38293720
06/08/2018|107413293880|99.000|38303741
06/08/2018|107413237620|199.000|38297944
06/08/2018|107413101213|149.000|38283520
06/08/2018|107413196345|707.000|38293880
06/08/2018|107413322108|98.000|38306855
06/08/2018|107413109175|465.000|38284234
06/08/2018|107413150247|1307.000|38288848
06/08/2018|107413166217|512.000|38290652
06/08/2018|107413239633|199.000|38298143
06/08/2018|107413267363|18.000|38300927
06/08/2018|107413278705|2445.000|38302080
06/08/2018|107413305539|548.980|38305146
06/08/2018|107413355700|783.350|38310308
06/08/2018|107413148671|199.000|38288704
06/08/2018|107413365037|783.350|38311212
06/08/2018|107413168049|150.000|38290870
06/08/2018|107413106892|398.000|38284092
06/08/2018|CCAFH2BLA295|529.820|38286390
06/08/2018|107413133877|417.000|38286951
06/08/2018|107413143230|20.000|38288131
06/08/2018|107413436760|250.000|38317142
06/08/2018|107413440877|240.000|38317366
06/08/2018|107413157677|40.000|38289729
06/08/2018|107413171743|707.000|38291280
06/08/2018|107413163047|400.000|38290341
06/08/2018|107413192341|90.000|38293486
06/08/2018|107413512028|40.000|38321439
06/08/2018|CCAFH2BLA290|1068.000|38280718
06/08/2018|107413508052|250.000|38321306
06/08/2018|107413258474|398.000|38300012
06/08/2018|107413345492|200.000|38309349
06/08/2018|107413487880|50.000|38320250
06/08/2018|CCAFH1BLA324|150.000|38321005
06/08/2018|107413079695|1755.000|38281941
06/08/2018|107413348424|50.000|38309485
06/08/2018|107413443456|2176.000|38317532
06/08/2018|107413477839|300.000|38319646
06/08/2018|107413107137|824.000|38284057
06/08/2018|107413502742|498.000|38320979
06/08/2018|107413510597|5631.000|38321397
06/08/2018|107413509921|1.000|38321662
06/08/2018|CCAFH1BLA296|1675.000|38287321
06/08/2018|CCAFH2BLA300|474.050|38292557
06/08/2018|CCAFH1BLA307|693.840|38299494
06/08/2018|107413193907|1179.000|38293658
06/08/2018|107413214924|648.000|38295647
06/08/2018|107413248802|4800.000|38299123
06/08/2018|107413282897|1652.000|38302526
06/08/2018|107413208306|550.000|38295086
06/08/2018|107413260037|707.000|38300134
06/08/2018|107413167118|50.000|38291053
06/08/2018|107413192176|2110.000|38293663
06/08/2018|107413318109|620.000|38306512
06/08/2018|107413199240|448.000|38294204
06/08/2018|107413452986|2042.480|38318199
06/08/2018|107413350952|595.000|38309774
06/08/2018|107413403423|1465.000|38314797
06/08/2018|CCAFH2BLA301|474.050|38292919
06/08/2018|107413190276|3851.000|38293310
06/08/2018|107413266153|6649.000|38300803
06/08/2018|107413266351|495.000|38300813
06/08/2018|107413401858|600.000|38314690
06/08/2018|107413485056|1300.000|38320083
06/08/2018|107413499319|199.000|38320806
06/08/2018|107413498118|5434.000|38320744
06/08/2018|107413191653|2500.000|38293498
06/08/2018|107413499088|399.000|38320804
06/08/2018|107413223893|480.000|38297108
06/08/2018|107413160716|43.000|38290098
06/08/2018|107413371349|372.000|38311824
06/08/2018|107413168190|1207.000|38290872
06/08/2018|107413231275|662.000|38297239
06/08/2018|107413363236|1500.000|38310941
06/08/2018|CCAFH2BLA314|9191.000|38309867
06/08/2018|107413292218|705.130|38303583
06/08/2018|107413270616|2095.850|38301228
06/08/2018|107413164767|796.000|38290539
06/08/2018|107413228435|100.000|38297063
06/08/2018|107413270301|861.000|38301353
06/08/2018|107413363542|199.000|38311020
06/08/2018|107413428434|1677.000|38316569
06/08/2018|107413494613|350.000|38320587
06/08/2018|107413495246|510.000|38320577
06/08/2018|107413125604|707.000|38286055
06/08/2018|107413116760|199.000|38285002
06/08/2018|107413499518|825.000|38320852
06/08/2018|107413519433|897.500|38321812
06/08/2018|107413116706|270.000|38285061
06/08/2018|107413160507|700.000|38290074
06/08/2018|107413196993|509.000|38294046
06/08/2018|107413151874|499.000|38289211
06/08/2018|107413196450|149.000|38294088
06/08/2018|107413198030|600.000|38294059
06/08/2018|107413153473|149.000|38289282
06/08/2018|107413152998|600.000|38289198
06/08/2018|CCAFH1BLA294|796.320|38285416
06/08/2018|107413102616|97.000|38283619
06/08/2018|107413121800|1416.000|38285570
06/08/2018|CCAFH2BLA304|4234.000|38297088
06/08/2018|107413118967|3957.000|38285364
06/08/2018|107413048868|5699.000|38280337
06/08/2018|107413198681|1000.000|38294150
06/08/2018|107413303924|590.000|38304849
06/08/2018|107413248898|570.000|38299089
06/08/2018|107413199522|200.000|38294206
06/08/2018|107413119745|499.000|38285427
06/08/2018|107413187023|199.000|38292917
06/08/2018|107413160324|1766.000|38290041
06/08/2018|107413159573|10.000|38289937
06/08/2018|107413173058|382.000|38291483
06/08/2018|107413156269|248.000|38289599
06/08/2018|107413213077|589.000|38295595
06/08/2018|107413286913|305.000|38303026
06/08/2018|107413266559|955.000|38300818
